DPI detection failed, fallback to 96 dpi
The sketch has been automatically resized to fit the screen resolution
==== JavaSound Minim Error ====
==== Don't know the ID3 code TXXX

==== JavaSound Minim Error ====
==== Don't know the ID3 code TXXX

==== JavaSound Minim Error ====
==== Don't know the ID3 code TXXX

==== JavaSound Minim Error ====
==== Don't know the ID3 code TSSE

0 1
603 2
1114 3
1625 4
2182 5
2670 6
3181 7
3715 8
4226 9
4783 10
5270 11
5804 12
6315 13
6849 14
7360 15
7894 16
8405 17
8939 18
9450 19
9984 20
10495 21
11052 22
11540 23
12074 24
12585 25
13096 26
13630 27
14140 28
14675 29
15185 30
15719 31
16230 32
16764 33
17275 34
17832 35
18320 36
18854 37
19365 38
19899 39
20410 40
20921 41
21455 42
21966 43
22500 44
23010 45
23545 46
24055 47
24613 48
25123 49
25634 50
26145 51
26679 52
27190 53
27724 54
28235 55
28746 56
29280 57
29791 58
30325 59
30836 60
31393 61
31880 62
32415 63
32925 64
33459 65
33994 66
34504 67
35015 68
35572 69
36060 70
36594 71
37105 72
37616 73
38150 74
38661 75
39195 76
39706 77
40240 78
40774 79
41285 80
41795 81
42329 82
42840 83
43374 84
43885 85
44442 86
44930 87
45464 88
45975 89
46486 90
47020 91
47531 92
48065 93
48576 94
49110 95
49621 96
50155 97
50665 98
51223 99
51710 100
52244 101
52755 102
53289 103
53800 104
54311 105
54845 106
55379 107
55890 108
56401 109
56935 110
57446 111
58003 112
58491 113
59025 114
59535 115
60070 116
60604 117
61114 118
61625 119
62159 120
62693 121
63181 122
63715 123
64226 124
64760 125
65294 126
65805 127
66316 128
66850 129
67361 130
67895 131
68405 132
68963 133
69450 134
69984 135
70495 136
71029 137
71540 138
72051 139
72585 140
73096 141
73630 142
74164 143
74675 144
75186 145
75720 146
76231 147
76765 148
77276 149
77810 150
78320 151
78854 152
79365 153
79923 154
80410 155
80921 156
81455 157
81966 158
82500 159
83011 160
83545 161
84056 162
84590 163
85101 164
85635 165
86146 166
86703 167
87190 168
87724 169
88235 170
88769 171
89280 172
89791 173
90325 174
90836 175
91370 176
91881 177
92415 178
92926 179
93460 180
93971 181
94505 182
95016 183
95550 184
96060 185
96595 186
97105 187
97616 188
98173 189
98661 190
99195 191
99706 192
100240 193
100751 194
101285 195
101796 196
102330 197
102841 198
103375 199
103886 200
104420 201
104954 202
105465 203
105975 204
106486 205
107020 206
107531 207
108065 208
108599 209
109110 210
109621 211
110155 212
110689 213
111200 214
111711 215
112245 216
112756 217
113290 218
113800 219
114311 220
114845 221
115356 222
115890 223
116401 224
116935 225
117446 226
117980 227
118514 228
119025 229
119536 230
120070 231
120581 232
121115 233
121626 234
122160 235
122671 236
123181 237
123715 238
124226 239
124760 240
125271 241
125805 242
126316 243
126850 244
127361 245
127895 246
128406 247
128963 248
129451 249
129985 250
130496 251
131030 252
131541 253
132051 254
132585 255
133096 256
133630 257
134141 258
134675 259
135186 260
135743 261
136254 262
136765 263
137276 264
137810 265
138321 266
138855 267
139366 268
139877 269
140411 270
140921 271
141455 272
141966 273
142500 274
143011 275
143545 276
144079 277
144590 278
145101 279
145635 280
146146 281
146680 282
147214 283
147725 284
148236 285
148747 286
149304 287
149815 288
150325 289
150836 290
151370 291
151881 292
152415 293
152949 294
153460 295
153971 296
154505 297
155016 298
155550 299
156061 300
156595 301
157106 302
157640 303
158151 304
158661 305
159196 306
159706 307
160264 308
160751 309
161285 310
161819 311
162330 312
162841 313
163375 314
163909 315
164420 316
164931 317
165442 318
165976 319
166487 320
167021 321
167531 322
168066 323
168576 324
169110 325
169644 326
170155 327
170666 328
171223 329
171734 330
172245 331
172779 332
173290 333
173801 334
174312 335
174846 336
175380 337
175891 338
176402 339
176936 340
177470 341
177980 342
178491 343
179025 344
179536 345
180093 346
180581 347
181115 348
181626 349
182137 350
182694 351
183182 352
183716 353
184227 354
184761 355
185272 356
185806 357
186316 358
186850 359
187361 360
187895 361
188406 362
188940 363
189474 364
189985 365
190496 366
191007 367
191541 368
192075 369
192586 370
193097 371
193631 372
194142 373
194676 374
195186 375
195744 376
196231 377
196765 378
197276 379
197810 380
198344 381
198855 382
199366 383
199877 384
200411 385
200945 386
201479 387
201990 388
202501 389
203012 390
203569 391
204080 392
204591 393
205101 394
205635 395
206146 396
206680 397
207191 398
207725 399
208236 400
208747 401
209304 402
209792 403
210326 404
210837 405
211371 406
211905 407
212439 408
212950 409
213461 410
213971 411
214505 412
215040 413
215550 414
216061 415
216572 416
217106 417
217640 418
218151 419
218662 420
219196 421
219707 422
220264 423
220752 424
221286 425
221797 426
222331 427
222841 428
223375 429
223886 430
224420 431
224954 432
225442 433
225976 434
226487 435
227021 436
227532 437
228089 438
228600 439
229111 440
229622 441
230156 442
230667 443
231224 444
231711 445
232245 446
232756 447
233314 448
233824 449
234312 450
234869 451
235357 452
235891 453
236402 454
236936 455
237447 456
238004 457
238492 458
239026 459
239537 460
240071 461
240581 462
241116 463
241626 464
242137 465
242671 466
243182 467
243716 468
244227 469
244761 470
245295 471
245829 472
246340 473
246851 474
247362 475
247896 476
248407 477
248941 478
249451 479
249986 480
250496 481
251030 482
251541 483
252052 484
252586 485
253120 486
253631 487
254142 488
254676 489
255187 490
255744 491
256232 492
256766 493
257277 494
257811 495
258321 496
258856 497
259390 498
259877 499
260411 500
260922 501
261456 502
261967 503
262501 504
263012 505
263546 506
264057 507
264614 508
265102 509
265659 510
266147 511
266681 512
267192 513
267726 514
268236 515
268770 516
269281 517
269792 518
270326 519
270837 520
271371 521
271882 522
272439 523
272950 524
273461 525
273972 526
274506 527
275017 528
275574 529